timeStep,resource1amount,resource2amount,prey1PopulationSize,prey2PopulationSize,prey1catches,prey2catches,predator1PopulationSize
0,1250,1250,50,50,0,0,5
1,1005,985,48,49,2,1,5
2,775,739,46,47,2,2,5
3,598,535,46,45,0,2,5
4,455,393,46,44,0,1,5
5,328,309,41,38,2,0,12
6,1054,1058,36,33,7,5,12
7,854,911,33,29,3,4,12
8,712,785,30,26,3,3,12
9,602,702,28,25,2,1,12
10,498,627,39,22,0,1,20
