timeStep,resource1amount,resource2amount,prey1PopulationSize,prey2PopulationSize,prey1catches,prey2catches,predator1PopulationSize
0,1250,1250,50,50,0,0,5
1,1030,969,48,48,2,3,5
2,795,775,47,47,1,1,5
3,612,659,44,46,3,1,5
4,480,579,43,45,1,1,5
5,402,512,34,44,1,0,12
6,1065,1015,33,42,1,2,12
7,904,824,30,38,3,4,12
8,752,688,26,35,4,3,12
9,646,586,25,30,1,5,12
10,582,521,35,31,3,1,18
